30
xiaoming 2 1 2101 1 100 100 100 100
xiaoaing 2 1 2102 1 10 100 100 100
xiaobing 2 1 2103 1 100 1 100 100
xiaocing 2 1 2104 1 100 100 1 100
xiaoding 2 1 2105 1 100 60 100 10
xiaoeing 2 1 2106 1 40 20 100 100
xiaofing 2 1 2107 1 40 40 100 80
xiaoging 2 1 2108 1 30 8 8 100
xiaohing 2 1 2109 1 19 100 7 100
xiaoiing 2 1 2110 1 10 10 10 10
xiaojing 2 1 2111 1 16 24 34 17
xiaoking 2 2 2112 1 100 100 100 100
xiaoling 2 2 2113 1 100 100 100 100
xiaoning 2 3 2114 1 100 100 100 100
xiaooing 2 3 2115 1 100 100 100 100
xiaoping 2 4 2116 1 100 100 100 100
xiaoqing 2 5 2117 1 100 100 100 100
xiaoring 2 5 2118 2 100 100 100 100
xiaosing 2 6 2119 2 100 100 100 100
xiaoting 2 7 2120 2 100 100 100 100
xiaouing 2 8 2121 2 100 100 100 100
xiaoving 2 8 2122 2 100 100 100 100
xiaowing 2 8 2123 2 100 100 100 100
xiaoxing 2 8 2124 2 100 100 100 100
xiaoying 2 8 2125 2 100 100 100 100
xiaozing 2 9 2126 2 100 100 100 100
xiaoaaing 2 9 2127 2 100 100 100 100
xiaobbing 2 9 2128 2 100 100 100 100
xiaoccing 2 9 2129 2 100 100 100 100
xiaodding 2 9 2130 2 100 100 100 100